113091,
118151,
139061,
149177,
167679,
179691,
183063,
187015,
187371,
194033,
199937,
222479,
237473,
276829,
308483,
315369,
323555,
334413,
368381,
381985,
385443,
395457,
411069,
414427,
432235,
450141,
463137,
481011,
502243,
504643,
505855,
515901,
526815,
540321,
549303,
556197,
569065,
614189,
625221,
648093,
683769,
685927,
706129,
737427,
751449,
824329,
826255,
842001,
884031,
896349,
907535,
914525,
922115,
1023569,
1070427,
1079845,
1084179,
1122359,
1213265,
1216569,
1240989,
1328999,
1374229,
1410869,
1414939,
1481347,
1508639,
1529137,
1577535,
1622093,
1731465,
1843495,
1988923,
2002561,
2075585,
2117983,
2121801,
2235389,
2396051,
2404843,
2493071,
2752681,
2892857,
3053947,
3189075,
3647359,
3658759,
3786881,
3997447,
4110779,
4457515,
4659303,
4727251,
5076281,
5084911,
5151647,
5253007,
5566521,
5740831,
6052381,
6205749,
6441081,
6878905,
7054081,
7166555,
7264007,
7616201,
8432619,
8766525,
8991711,
9379039,
9665489,
10180623,
10252879,
11126207,
11859001,
12243561,
12509929,
12751311,
13295531,
14059555,
15152329,
17374307,
18471363,
19186257,
20047551,
21016513,
21017381,
21301685,
21637295,
23384857,
23422315,
23698135,
24867231,
26648215,
27416001,
27894201,
28395823,
29043651,
30608929,
31509429,
33495685,
33818399,
36377199,
36505189,
41403651,
43858671,
44420865,
45508947,
50581739,
51945505,
52876033,
53514099,
55785555,
56874995,
57279999,
63275971,
65094095,
70945239,
73626817,
78491771,
80893569,
80961519,
81525201,
82619499,
89404415,
89466709,
90943531,
102639633,
110055295,
114231855,
114658709,
122105723,
124827699,
126246795,
127050587,
130434501,
134685719,
138916209,
139424663,
144424891,
144484739,
147948655,
148353519,
148418841,
156683991,
166937651,
167075679,
172047699,
172260767,
175351361,
181819967,
184846565,
185316639,
186272169,
193578049,
194209055,
198238527,
198370383,
199821909,
203452689,
206939095,
212939441,
213111687,
219439135,
221869855,
222224443,
222437463,
226485719,
242529683,
252536465,
254356363,
275273783,
277885651,
283892079,
288879999,
294818721,
300418865,
309752255,
312467751,
314254945,
321389855,
328320565,
333627713,
343269201,
345621799,
350483165,
354157803,
355753595,
357005609,
360598721,
403130859,
404160615,
407844865,
412030893,
419733313,
431810149,
441219207,
455564469,
469866981,
470129491,
482275515,
482551039,
493559807,
498611779,
505582479,
512773501,
514016705,
514986145,
522936831,
524409271,
528126969,
528743703,
537039051,
580091579,
585575935,
598756481,
612636601,
614393751,
626215899,
635974549,
697502555,
735961315,
743888209,
751207935,
756041441,
774769345,
776655647,
778010881,
805339079,
810855683,
818747369,
823940545,
860830309,
864347521,
872369823,
873990677,
894772405,
898422607,
898672347,
899095053,
912253211,
935098317,
953472311,
1006193551,
1019734053,
1025944481,
1056681751,
1057252041,
1117225803,
1125347679,
1125543209,
1139164753,
1153415329,
1182281983,
1186430529,
1284027799,
1295312941,
1325413249,
1365710529,
1368587355,
1385265665,
1438487869,
1445765271,
1467804911,
1494138801,
1505137801,
1511470899,
1585688999,
1607530491,
1656828959,
1693708189,
1702986049,
1711883251,
1759802519,
1787312749,
1815363171,
1865807105,
1898265151,
1913478065,
1970577951,
1995542015,
2012671673,
2033837599,
2094836555,
2110991707,
2180748569,
2194845801,
2322543279,
2326792147,
2389629175,
2395593199,
2479728901,
2526381001,
2526959793,
2534888971,
2550663935,
2584906939,
2598244045,
2660543353,
2796862559,
2872123895,
3109204143,
3159192101,
3185113727,
3236484165,
3300069541,
3304856737,
3363072193,
3471251629,
3489579001,
3669165087,
3715548481,
3772900035,
3833569251,
3840584069,
3925313991,
3962226311,
4149784799,
4355628669,
4357243419,
4391726129,
4408532731,
4472423255,
4610383185,
4678985359,
4751128929,
4818801709,
4849011235,
4926156737,
4927858579,
5137698215,
5230585291,
5284511233,
5288373635,
5345465019,
5548326225,
5690866587,
5916808715,
6164170459,
6345883025,
6490555191,
6537406721,
6614163541,
6917600493,
6934663525,
7018135431,
7330799917,
7374355365,
7515969467,
7764681321,
7943365585,
8049698839,
8051877973,
8095813975,
8428415147,
9250893101,
9509511537,
9549854005,
9916752249,
9990951587,
10017757567,
10581707793,
10600977057,
10762238619,
10776369647,
11414529281,
11782583911,
12175828873,
12467114351,
12762481885,
12910451709,
13609104497,
13624930417,
14391852335,
14678664447,
15042108365,
15141054521,
15386071713,
15759496523,
15791825301,
15859478479,
15912534273,
16044636097,
16081707009,
16542667293,
16594533177,
17094309321,
17178602169,
17402442335,
17832223189,
18009141317,
18095060375,
18730130459,
18847788289,
19602253839,
19824716001,
20290129183,
21684270601,
21882016749,
22705713655,
23028481501,
23122717145,
23720231941,
24922986485,
26048485959,
26209901879,
26466841479,
26764174817,
27211942239,
27442146809,
28173251869,
29582635237,
29700929805,
31707424387,
32352232671,
32588591421,
33646530741,
35008674429,
35361595135,
36246198779,
36825860193,
37070729305,
37078035775,
37362769343,
37447582739,
38587889637,
39545935001,
40347481615,
40419432833,
41715784885,
43119379953,
43944885925,
44359906431,
44933260735,
45114845007,
46191518049,
46679745415,
47789676089,
50885350879,
50937563247,
51924957965,
53261461503,
55832865193,
55840896565,
56235143751,
57569034653,
58612629581,
61246295145,
61761833969,
61948209113,
63192924415,
65034753991,
66247967199,
68975858649,
73393939555,
73944836895,
73994148449,
74406206967,
77421225217,
79249894415,
79662263979,
82072078235,
83570623839,
85926433537,
85970653599,
88426734749,
88607799071,
91581500733,
95785391807,
96441695703,
98319862591,
100758817085,
102470668959,
104630317505,
106256072703,
110332184769,
111084195629,
112478183101,
112849189025,
115577984559,
116377440055,
118519649639,
128658030751,
129056815977,
129803531885,
130381358743,
132473656985,
132511671447,
135161164555,
139019315793,
140046486607,
141513929261,
141829102741,
146722414453,
154227230067,
157728948785,
166000113377,
167217206815,
172230810399,
172903148737,
174542855079,
179853215347,
185836400905,
187532523503,
200205957511,
204809898943,
206543132507,
219944024845,
220594758207,
224153753201,
229800339999,
231343458749,
234852924097,
235627845909,
236607260415,
239616517503,
243327535105,
244983693851,
246969431983,
250504668819,
254778557499,
258240170049,
261910371087,
264225338651,
266654272707,
269636716315,
274267995945,
276072534221,
279931713291,
289561269009,
290117363899,
297792496871,
307156595647,
311559078557,
320177693313,
321213437921,
337653839649,
348445806279,
355048833641,
356584864319,
360445047367,
372333405835,
384086545669,
388569535535,
406200694329,
407967695409,
414137253439,
415873648191,
438310041841,
442888706151,
443155374999,
443867092489,
450990317733,
458663043987,
492160575105,
495166135149,
499830461247,
503241380739,
517097128367,
527613969961,
537616302159,
539436585841,
544695825267,
554275422339,
561431955981,
562261219679,
584772166551,
595014342131,
608835397535,
614762249529,
628250749951,
652177752641,
658701968575,
660674633737,
675746395201,
679457963295,
740047498191,
742120766967,
774096163567,
778543160885,
854544981249,
857254078225,
874437171999,
876687140095,
881030315153,
896894705501,
929800731133,
964573861249,
965000940305,
978229237985,
1011225330595,
1011277893993,
1019564312843,
1077159422933,
1118816306675,
1136397884049,
1140631251137,
1153716111665,
1169776581249,
1170533480185,
1197182316461,
1248050418669,
1279583083459,
1296620568551,
1313632614511,
1384849871263,
1404335182335,
1404500578701,
1422578632955,
1473151051385,
1480163881567,
1499187322879,
1501036311881,
1502080630271,
1543186167249,
1556324493239,
1562752082515,
1613994139647,
1620786708449,
1701665795915,
1723139859683,
1743331705959,
1745454343619,
1804563692149,
1838406765581,
1890508825601,
1955762000479,
1998405128593,
2039913508249,
2090349765129,
2189276414655,
2231113572505,
2251561214319,
2272703354039,
2296725040491,
2324777377999,
2377588143071,
2382455705455,
2443987300059,
2501242325499,
2517765132609,
2584733606913,
2605075688629,
2686475690031,
2733914491073,
2742348307117,
2843944744081,
2885642821621,
2904455362481,
2972393814181,
3066041624563,
3152684968967,
3180882796545,
3271428435925,
3506236567471,
3525087166847,
3535850607807,
3673833558431,
3805343686403,
3841831466377,
3866600272751,
3901304301201,
3974516130671,
3974909760095,
4230096241341,
4259932019191,
4306421953383,
4313770877305,
4320133644681,
4510330094607,
4553764613119,
4664239484497,
4817944406001,
5063899781249,
5117011589755,
5276247682551,
5512209225859,
5684980760185,
5844872408243,
5893799228889,
5970460739441,
6142895438849,
6248964149343,
6300618537279,
6475934144889,
6534634131649,
6608743916001,
6894896191637,
6927977690175,
7129186209271,
7176636710451,
7381117987541,
7543000444195,
7838982903155,
8020233764555,
8051264518529,
8084000800001,
8264497699177,
8305721511449,
8469409308997,
8583920088171,
8740771097815,
8963466421349,
8976726235905,
9812864186241,
9941571459055,
10073999340575,
10123162063079,
10675983302677,
10695271417159,
10766491526155,
11338526482851,
11382285693349,
11633474542403,
11766676532599,
12067363587751,
12127160511163,
12404906453185,
12804900546351,
12958616261249,
13790277604789,
14548381857701,
15011673658359,
15042102435423,
15540415510895,
16461120306905,
17202776388095,
17220264034401,
17307414552999,
18109131415649,
18331963800751,
18621788349533,
18832699772081,
19012799818881,
19265581199393,
19496363406279,
20120329701879,
20864192398941,
21420023846015,
22030431126991,
22376828982441,
23588738202921,
23865538838751,
24684196430497,
25221471161249,
25347861000865,
25359325369741,
25450085240163,
25678194210633,
25765336275561,
25823816003649,
25869048772239,
27195788513191,
28808454942921,
28907868952639,
29267187215777,
29856983915905,
29862465230499,
30871628323599,
31979857293429,
32732724761749,
32791127603649,
33080625357311,
33485365815299,
34154845645467,
34186889607105,
34250403310465,
35253718952705,
35768292740077,
36554130419271,
36971890682817,
39084478326919,
39145052146817,
41910807296749,
41983874629631,
42220245734239,
42823784907749,
43185176196051,
45231717182081,
48537774547499,
48589208596251,
49940502885813,
50419779614835,
50499225157849,
51025717955675,
51066328620689,
52138005939851,
53370569547569,
56005620841261,
58292361117299,
61907583615425,
62438792729599,
62719760050037,
62866147101603,
63499143164121,
65991608158191,
66836860789939,
68985734585349,
69963883270479,
72240128132821,
74609857141883,
75257741680705,
78199564129793,
79709191019821,
79993238200951,
81048272186817,
82339885044577,
83589780311705,
85525743305339,
88227753671905,
88580019170315,
93770655123097,
94210887419917,
94871208871065,
95593159542999,
96062616347543,
96995111561421,
98678200403751,
99346519251177,
102569373138025,
103137521735337,
106802733697713,
107746896904811,
112480302000001,
117483829749545,
118010490344669,
119377081151127,
119592911797561,
122420933521151,
122476945320703,
125155704921281,
127700368498879,
127867674586719,
131288551774037,
131431885296459,
137986046913729,
138960838127045,
140294022578571,
143235194840401,
148193011460223,
150352265069161,
152973110170271,
156037644087025,
160185823824871,
167624893434769,
172289860619057,
176799474282741,
180169803386369,
186417712927297,
186956087522939,
191874414973603,
200810565063361,
201467061109887,
201623191853249,
203716404366985,
206238507709285,
207212988017055,
213313244918257,
216888612289053,
218556690813721,
225704703707119,
226312400705931,
229391446914499,
232063684552503,
241708001027021,
245369025183745,
250108568389569,
255483622386771,
258432283943261,
260409218637849,
269602683824431,
273575374030421,
275680885109189,
284420353133449,
285168125760909,
285818212143751,
300296345866945,
302161418352485,
306349470448449,
309572714023889,
325847734857689,
326365720756641,
335383505056423,
336483307675281,
345009496506751,
351532234320001,
370445692739849,
379242444625381,
382660392542275,
398451962573369,
409845461118255,
412801763396903,
429358680013087,
429540062686151,
430120882373829,
433283144819073,
445557960011529,
470142872027121,
473006594925957,
488154255100001,
513404980294081,
514663417727039,
522861908693201,
533015994990367,
547022594215833,
553988172719601,
584882698532121,
590441949941239,
602027397363365,
616770268591751,
628874553437105,
630223764893569,
688622975702519,
719283374710561,
741185597201791,
750248854082575,
780357642539267,
787179800747743,
802325884304659,
809976862330901,
850403051164549,
870447751465759,
895189052615507,
924887543816289,
930609730707625,
936034083477847,
965875388237971,
978510827706899,
978674899349615,
989894706331855,
998169183459267,
1027908245486299,
1067752634890501,
1073006561712385,
1086781694760957,
1100494322178305,
1116876501688555,
1128875103619199,
1138680275504199,
1160502532760233,
1261285278242303,
1261977443874577,
1302026718405631,
1310633356483135,
1340341126790901,
1346734830341055,
1375215304613921,
1404237558069249,
1521835437930081,
1525280473633357,
1527077849475151,
1561918701718441,
1567741152328543,
1574357821355251,
1621943033115693,
1634174073358721,
1751938362469855,
1768876508363889,
1927872245406871,
2039156179940515,
2039953879229751,
2080161530487897,
2147809653298441,
2168747409971583,
2186677823879051,
2201276503734659,
2343058975102965,
2380609171092521,
2505109208643951,
2514461100647419,
2599399447741381,
2671903718196989,
2714771443047423,
2717836405335415,
2865905624724913,
3043861590017949,
3091419761788513,
3144255588090249,
3156129106521231,
3160016077094033,
3289027109605471,
3322454562488303,
3347720718129451,
3397280311609185,
3407725605905305,
3462955037998689,
3699766513872703,
3775241752763265,
3849142578488271,
3864636673997451,
4148680853064691,
4295039484504757,
4597151423974941,
4651349153797973,
5037854812702773,
5048416094445879,
5097710850846453,
5197109744241401,
5339594737305907,
5350897369830895,
5564509064804351,
5666002924075029,
5699516903109305,
5745966439203397,
5771796653440355,
6206481498266687,
6224624085963179,
6410444825384601,
6490727019338849,
6547096994478591,
6639725666942499,
6670613655863929,
6809378056728191,
6830872557747501,
6889363455959399,
7505395813017235,
7529819265979251,
7568623377865683,
7796428719557653,
7814781201573471,
7854918758011095,
7877029682297489,
8208400622861139,
8431896886682841,
8646286160735051,
8718784485184817,
8818386491032961,
8899527030536391,
8927242770763991,
9238972608319999,
9363921874488559,
9602023756794481,
9806652611595399,
10222107943261085,
10470138848066161,
10733638164804057,
10798329258103999,
10963778221997569,
11227151015040157,
11828566095426515,
11954036661348671,
12365400798749901,
12418834762019841,
12557897148246159,
12630261671132071,
12828059406799139,
13500526906027175,
13560947665196097,
15257080060011041,
15972619480856695,
16097443601598995,
17938455356149743,
18160710301695049,
19441729322328901,
20831728695477701,
21142051355914321,
21382640914106941,
22551638600084111,
24211771753954629,
26476165275956693,
27154989157519873,
28821278690091889,
29711583034618309,
30157989067447825,
30889608116153095,
30980483465471247,
32230183268774807,
33473915673475575,
34591367142992435,
37075806903528721,
37811913877896861,
38527693970852999,
40143860392943433,
42365510278062599,
43247929336005421,
46586269107567799,
52404171463378961,
57004660399531415,
57846782324657741,
58091120892256101,
59972130632819315,
61475207442007265,
62557674103628143,
65096166695143715,
67332723287753015,
70203263241668801,
71354639239627015,
71761195142060579,
71775052959370311,
74685022049522559,
78937742799614529,
79398541965607619,
81932723590632929,
83203596339182463,
84311643557377081,
84950957282199471,
85358664056483263,
88077196926286449,
89595328635973061,
96382237339148721,
97384479077938871,
107028014029726817,
107336459281228419,
107966173539936439,
108500061647609919,
112494721105804465,
117304490154074001,
119325003226907739,
125361980271955349,
126424584034156251,
128760234527238733,
138421600971118387,
141681153563706879,
147274327490743881,
152286254096110289,
161220774592560159,
165646186280940113,
166862257222226495,
167430268552523679,
168232112294076199,
170215623600195965,
189374610080391731,
191400575604219331,
193844387745494695,
210714384373433965,
211710540863861479,
242266102788036867,
346361774894650527,
356435865933626431,
357552215764213679,
422930256423481611,
423368561735171385,
436415957532859711,
481431783817813569,
489967527968555183,
512449503407131249,
531611191821498751,
553477930762781049,
615561860422204863,
636416492610224641,
641169788382019969,
701075569898882575,
708723064074009013,
788337852699972251,
797806994740338647,
805784308644908033,
820228710552532785,
981449951387691265,
1006998419211276641,
1071567532713385279,
1079982551212973605,
1090344184868217951,
1344692817776549440,
1345857826911836447,
1551615884547816065,
1832182112114751671,
2109017935243958992,
2143917227721366060,
2151093201755623651,
2184963447584306052,
2316053070749416249,
2482262041133491840,
2726078588443925000,
3076986874375861524,
3395691165211798512,
3418347233694899879,
3995436378883304543,
4426988911141802169,
4897247638661590031,
5869241843964658944,
6236477280155790276,
6278633746906105729,
7297435389662226797,
8427794570316789647,
9271962137468486665,
9426613917536603137,
13652450042023325697,
14324980386997692433,
16885501391796065609,
