3,
9,
49,
99,
351,
441,
1057,
1121,
1159,
1169,
1253,
1255,
1357,
1385,
1391,
1393,
1397,
1415,
1497,
1557,
1569,
1605,
1629,
1703,
1743,
1745,
1757,
1829,
1899,
1903,
1915,
1937,
2005,
2051,
2085,
2119,
2169,
2191,
2215,
2289,
2291,
2321,
2413,
2431,
2495,
2513,
2599,
2743,
2759,
2779,
2839,
2921,
2983,
3017,
3033,
3287,
3303,
3501,
3563,
3615,
3655,
3839,
3879,
3939,
3951,
4041,
4113,
4149,
4233,
4279,
4351,
4419,
4521,
4581,
4631,
4635,
4709,
4731,
4775,
4897,
5135,
5253,
5269,
5401,
5549,
5697,
5777,
5901,
6019,
6289,
6357,
6447,
6573,
6847,
7005,
7031,
7171,
7209,
7633,
7911,
7981,
8227,
8339,
8341,
8417,
8791,
8909,
9219,
9415,
9683,
9751,
10057,
10585,
10947,
10991,
11135,
11425,
11675,
11775,
12741,
12989,
13055,
13311,
13455,
13533,
13801,
13805,
14121,
14477,
14689,
14943,
15023,
15087,
15133,
15949,
16309,
16469,
16683,
16797,
17576,
18305,
18723,
19107,
19503,
20175,
20299,
20821,
21449,
21471,
22507,
22593,
22991,
23607,
23901,
24751,
25481,
26151,
26623,
26785,
28221,
29299,
31007,
31097,
33799,
35333,
36333,
36849,
37841,
38037,
40015,
40097,
40827,
41005,
41587,
42363,
42745,
42873,
43055,
46551,
48411,
49609,
52539,
52823,
53559,
56575,
56643,
58645,
64083,
64665,
66249,
67467,
72771,
75615,
76589,
78913,
79001,
79211,
80065,
82839,
83249,
84335,
85315,
85767,
86721,
92649,
95631,
97161,
97917,
97989,
103587,
104705,
107061,
111249,
111873,
113701,
116313,
116565,
121445,
121705,
124527,
126351,
128481,
133797,
133857,
133985,
147963,
148031,
150155,
151985,
152191,
162023,
163541,
166165,
167007,
174723,
181049,
183063,
186873,
191843,
192237,
201585,
201721,
206585,
207461,
212381,
218891,
220951,
221441,
223287,
225453,
230155,
236855,
240091,
240549,
242555,
243083,
252927,
259557,
262483,
263859,
265299,
275353,
282013,
282491,
285769,
288673,
291411,
297471,
304383,
313403,
315561,
320251,
324951,
332045,
332905,
334641,
342995,
346093,
348751,
375477,
376419,
377103,
381005,
387941,
390977,
395931,
400465,
404491,
405823,
412489,
415161,
416207,
428577,
429905,
454259,
460749,
469403,
474329,
481779,
488949,
515269,
515901,
540321,
541767,
543751,
556851,
559337,
568051,
574041,
587821,
589511,
590059,
610211,
635391,
638793,
656197,
657411,
678453,
698753,
721279,
721579,
750001,
750727,
764671,
771491,
786761,
797791,
803699,
837495,
893143,
899809,
917081,
927279,
963405,
986623,
987455,
1003115,
1014129,
1032001,
1032423,
1054701,
1097757,
1107161,
1111643,
1112411,
1130385,
1152943,
1161539,
1170591,
1205645,
1208129,
1259441,
1303781,
1343449,
1407433,
1451437,
1463671,
1475957,
1524255,
1569151,
1572349,
1629859,
1718057,
1755337,
1759637,
1765985,
1796899,
1810643,
1819853,
1821687,
1929253,
1935361,
2018979,
2047359,
2101557,
2124251,
2124785,
2145615,
2303243,
2359937,
2361333,
2410225,
2445687,
2503667,
2658529,
2693265,
2708335,
2847987,
2871571,
2891771,
3042249,
3100749,
3104609,
3131679,
3165499,
3202107,
3234655,
3300415,
3354365,
3511463,
3622103,
3656191,
3700225,
3718547,
3726059,
3768883,
3798159,
3939649,
3962751,
4018607,
4092297,
4153547,
4236571,
4265299,
4305279,
4577937,
4745481,
4855499,
4891375,
5149495,
5317861,
5348721,
5384165,
5588737,
5612531,
5649721,
5821297,
5895407,
6053869,
6058639,
6201199,
6251585,
6645401,
6782945,
7076241,
7105965,
7502949,
7506619,
7534241,
7663433,
7736019,
8039989,
8087409,
8231615,
8378215,
8432619,
8473021,
8845381,
9221345,
9230991,
9368821,
9469695,
9637915,
10008363,
10041879,
10548329,
10731755,
10758111,
10864371,
11413585,
11550351,
12087459,
13092735,
13832945,
13852739,
14830249,
14966517,
15359979,
15473809,
15645081,
15778949,
16039001,
16221023,
16674085,
16909465,
17609279,
17826823,
17949799,
18556351,
18870573,
19356641,
20514021,
20532199,
21919009,
22122463,
22301175,
22562917,
22710751,
23622311,
26112941,
26403695,
26415927,
27238401,
28164459,
28801023,
29128719,
29362251,
29427461,
30099871,
31006023,
31699049,
32158623,
32864657,
33788283,
34034777,
34603199,
34769195,
34901885,
36138489,
38151943,
38366439,
38639369,
38964023,
39876565,
40968303,
41512605,
42064891,
43184401,
43257089,
47320867,
47603009,
47981801,
48695003,
49367935,
49383069,
50233719,
51116833,
51455041,
52296399,
53929499,
54523273,
54558399,
55803381,
57492051,
59999073,
60836489,
64039251,
65216931,
66243783,
67311551,
67631831,
67780291,
68507499,
69803083,
70573359,
70581953,
73873227,
74541531,
74878493,
75986065,
76292447,
78507201,
80467535,
81020159,
87495393,
89879035,
90772533,
91206649,
92506623,
95404737,
97328935,
101670715,
101975665,
102437105,
104493845,
104711019,
105098319,
105443931,
105717759,
107409471,
108157384,
109249829,
111771451,
112728121,
112803823,
113796319,
114101525,
116026274,
118281801,
118479569,
119162449,
119367423,
120884687,
121144659,
121517551,
121836703,
121986151,
122243968,
122553109,
122766710,
126674785,
128367667,
131827949,
136928199,
138980099,
139396607,
139705081,
139786867,
140305999,
142234851,
144124605,
146050219,
146722751,
149821288,
149901987,
151354113,
153195591,
154642500,
155352443,
158948595,
159465671,
160249649,
163739825,
167938133,
171636415,
178655951,
179092099,
179361729,
179485697,
181399603,
186154640,
189476000,
191031875,
193316045,
193425245,
196512876,
200862771,
201703503,
204454821,
206993829,
210117183,
212461019,
214695685,
214965969,
220635624,
221100209,
223011711,
231997401,
232879807,
236767129,
243215397,
243503325,
244545951,
246638679,
255792099,
258427593,
260028341,
264545891,
264630687,
266500807,
268053399,
280760065,
281990817,
286683151,
287589169,
291708977,
292779949,
296116884,
303694677,
306331585,
307221971,
309619881,
315630756,
316586260,
317973827,
327019393,
330034095,
333812501,
337697151,
338550939,
339933023,
341575935,
350799659,
356222555,
361834573,
375826005,
381774601,
385743240,
390881413,
394233225,
403060449,
403672387,
407498959,
409493281,
412280429,
414471581,
436002501,
437393207,
445932235,
460441421,
462984873,
495778800,
498048407,
512587417,
516058315,
516494441,
516870719,
519107275,
529138999,
529467031,
530735987,
542709375,
545477973,
548555799,
557262551,
577922905,
583729299,
585018057,
595130789,
621723285,
626122751,
663268189,
676557575,
687297961,
702052021,
712398295,
718843623,
726479496,
734098751,
735965385,
737721665,
743213805,
761842795,
764972319,
777725433,
785408001,
825186567,
830723631,
841665749,
857855069,
904809599,
915464769,
919997975,
928847206,
939483391,
951614131,
954294763,
997233701,
999281931,
1074540289,
1092830465,
1129770950,
1171881127,
1184488361,
1205745399,
1241066285,
1272050207,
1282962079,
1297324637,
1305415329,
1315116243,
1329639249,
1359644669,
1363545415,
1369571071,
1413743551,
1435446467,
1437420880,
1464663850,
1490866945,
1509696793,
1534744261,
1594952849,
1597154545,
1603303105,
1631212647,
1666237205,
1667086201,
1682993905,
1713722271,
1777228399,
1805971401,
1807966819,
1867697129,
1909908699,
1945219375,
1951458079,
2034080005,
2103387285,
2135343105,
2167185399,
2228502275,
2241162935,
2280797247,
2286758851,
2354861761,
2414030751,
2435123781,
2484794495,
2583099135,
2589215295,
2594247345,
2728492579,
2735571551,
2758358549,
2787761393,
2985923161,
3065568385,
3107545343,
3182027529,
3235480703,
3242127501,
3299250851,
3350650461,
3561297377,
3580262225,
3645541745,
3753946471,
3786485599,
3789006337,
3968636893,
3993267200,
4072582151,
4144650587,
4232410251,
4261046049,
4402010601,
4435966557,
4755862383,
4801406729,
4944861299,
4986180759,
5043781781,
5054482789,
5362826833,
5418554589,
5429960751,
5509984393,
5528050415,
5547747983,
5602408343,
5675807733,
5750962299,
5920632537,
6002107959,
6051003531,
6199633861,
6380405043,
6683448551,
6710738099,
7131017659,
7361165021,
7604260351,
7925316563,
7998622849,
8109824001,
8131197885,
8140240107,
8489641689,
8506332669,
8700852251,
8736592501,
8839179887,
8894285311,
8960993859,
9275601337,
9447138849,
9551092405,
9707696095,
9817406551,
10357039105,
10398448081,
10406596409,
10468447289,
10767268721,
10959632641,
11353930607,
11520886025,
12045860749,
12105590505,
13521840661,
13694177419,
13741779915,
14102098911,
14281234145,
14414988639,
14535208871,
14725694831,
14893934511,
15765868525,
16402380951,
16656678881,
17322117411,
17760285529,
17799860449,
18169125401,
18285118501,
19126134273,
19789206041,
20484163721,
20546973201,
21495861249,
21684270601,
21885367076,
22060070441,
22488905733,
22732423167,
23002380545,
23212901937,
23358855169,
23521401261,
23900464533,
24374020321,
24768378471,
24954075497,
25402936569,
25433652297,
25689223549,
26241505253,
26251151017,
26348261477,
27459338523,
27659597601,
27843616653,
28061287955,
28111154631,
28385734567,
28856431487,
29385466865,
29492031815,
31366245873,
31474956085,
32251018645,
32652381917,
32832427965,
33304674229,
35278311201,
36083450689,
36825860193,
37599323717,
37768681919,
38275695017,
38492583479,
40427034349,
41418962757,
41858145251,
44070834935,
44252362401,
46433397609,
47086894439,
49088629899,
49545765137,
51124591855,
52947064159,
53989883991,
55824413567,
57112574659,
58705959785,
58802449199,
58819612103,
60096587451,
60219170857,
61063684005,
63194088749,
65070010011,
66228049315,
67456870415,
67729853915,
68975271487,
68975858649,
71329965275,
73034854333,
73497176063,
73522956905,
74524836673,
75938509549,
76865423999,
76950147421,
79735923071,
81203490481,
81747243631,
83939682693,
84859221511,
89940144351,
91270893515,
92122295453,
95779485255,
96172916531,
102376519651,
102752807235,
105801825793,
106671129335,
108126823925,
109401702201,
109852974603,
114117393079,
117819362785,
117981397689,
120828386591,
122407517693,
123237437947,
125771652449,
129195929015,
129345708075,
130176069737,
130381358743,
132627527913,
136141905019,
138982582999,
139293122161,
141041784961,
146724538561,
153570097617,
159473197391,
159974598601,
161405629633,
163668470073,
166944621151,
176036676283,
178765621789,
179477788999,
183214883903,
191105074047,
198027713199,
201474202049,
201653308949,
212708941249,
213106297371,
214623355999,
223514092207,
227587227761,
233353895711,
233583262017,
239841929471,
239929123391,
248986027211,
258721237711,
263611349079,
268558060799,
269962529345,
276604314753,
281665050337,
301064778211,
301855660955,
323982892927,
326605108479,
338086741551,
349715934465,
350781784575,
353889470285,
359933341823,
365430979151,
368998914311,
392574974725,
401742277411,
420659784181,
421226149499,
431099965713,
431712195069,
432460335091,
438530381353,
441067957615,
465359237419,
469928986009,
474900088595,
486563288471,
488906974633,
503330525185,
509234642945,
525657255577,
540896391327,
544691272751,
550715546991,
575406151573,
579211454477,
589250713151,
599392026771,
626365029461,
630621478785,
635155385215,
639700246001,
651941056491,
653298243583,
668097112789,
700776650001,
713831458201,
716135090945,
731454178985,
745844548091,
768026327419,
771969085265,
789560704711,
805849358419,
909551009401,
947549478913,
952681282849,
975127995235,
994672307379,
995404327001,
1003665704705,
1045685066867,
1049851495967,
1061007147551,
1092784633833,
1107377763751,
1192380189481,
1218699013555,
1229277603751,
1242568915015,
1256634192087,
1278327750707,
1333313887499,
1364146913089,
1379859520941,
1386461160721,
1486040532529,
1543945329233,
1544157518705,
1574271979631,
1601936565879,
1624539591325,
1774809105279,
1781860856499,
1803088926339,
1869266784425,
1878833972933,
2000119420827,
2027938560101,
2078887094931,
2202599256703,
2202885344111,
2246970898225,
2248957515351,
2349037266103,
2407702885119,
2410101135649,
2428366272345,
2495124233749,
2564349668751,
2682238231674,
2798070461901,
2821316962749,
2905917212665,
2955669824479,
3013513658495,
3064814329345,
3090317882807,
3240583714655,
3244759145661,
3259239660501,
3283854508351,
3361112757855,
3551283480681,
3675536401643,
3681264161079,
3690568593739,
3704544942867,
3746138318019,
3962375346681,
3995364388751,
4119765192179,
4206637491979,
4225340664493,
4230096241341,
4354017541505,
4538612835099,
4539937339081,
4647169406739,
4956064274659,
5079602549249,
5250420954701,
5310942656111,
5444010081145,
5474503926165,
5504077532929,
5556134065129,
5708809765567,
5908561397311,
6145011926535,
6260904921235,
6320549376119,
6435178265671,
6668161177499,
7173276749171,
7273479615069,
7527571602587,
7835381007651,
7872272379893,
7875711683927,
8137827113725,
8425078328117,
8438768925939,
8504539822781,
8536382297889,
8828617826489,
9016627393751,
9488991622501,
9725545619101,
10097460572081,
10580531536849,
10745434134785,
10758690812673,
10919910757391,
10998749567609,
11288990380513,
11419610526781,
12168047110195,
12320917472249,
13309337448065,
14334401249715,
14878242789211,
14930428361381,
15133056471039,
15511208975289,
15749863218449,
16720321269081,
16735872931921,
17665315330079,
18517484746879,
18880459580751,
19092084020295,
19236401955091,
19373699932159,
19413691532145,
20007554261045,
20451970136311,
21656200291019,
22231403713927,
22777450234331,
23680772041409,
24578989387975,
25119068622625,
26937815980351,
27289214695759,
27394309470059,
28280430033515,
28435806873629,
28521429076295,
30871628323599,
31698785033343,
33737684396085,
34140752506751,
34554436679405,
35478309466783,
39411956516899,
40799783315247,
41384901802399,
43452633813761,
44476589321801,
44851025236799,
44874984173799,
46590689741745,
48657923054401,
48951560783245,
54190548593317,
56005620841261,
56585563503951,
57473884675019,
58669049443861,
61357774977953,
66377624881041,
71957246554985,
72937397473355,
74759164657787,
75079317143479,
76089190447299,
81203268110689,
82621674999919,
84367159257133,
87513497681193,
88456166064343,
92940280810201,
93590598917503,
94711656334723,
96564810392793,
103071995863501,
105713582599039,
107073513710085,
109826478960031,
110301432637249,
112185402190849,
116745775066577,
124377301658159,
124692825153129,
131288551774037,
134761412106881,
143594346072437,
153254943320335,
158607510310887,
161319310358701,
168138855635001,
173515626667683,
183872157807169,
196124806532447,
199466359202551,
200756995466469,
201602864021439,
207880871766533,
213529066332427,
230655683669167,
254698486580721,
259452309761919,
271686868445481,
272806729150815,
290123785710089,
293000787728720,
293362620667871,
306065799900223,
315333982253304,
316326364178111,
320646372726043,
349043647463791,
359235887874049,
363025284191999,
401349628699775,
435559869202195,
454036176623745,
463727530039423,
476491304961359,
500561677871046,
508888808526799,
575123904390475,
584204184520235,
664201505753209,
683257319973760,
717976108631485,
733694820079739,
753888293346383,
779199590399075,
899573121383001,
918195256175120,
1028777237840521,
1093186224570376,
1103074004593980,
1143341926637328,
1203714309519449,
1207001700124900,
1243100405110851,
1275196595863553,
1406754647154856,
1419003029414524,
1521835437930081,
1568461821286891,
1844980915183480,
2039953879229751,
2067251291787174,
2593856028591138,
2628061032392179,
2644866270212374,
2898549663457279,
2953646617178026,
3099850745138239,
3283630023973832,
3452993634980257,
3555850948953170,
3603393022392549,
3991635961635905,
4295840040788660,
6132390074043640,
7177286408735521,
7401577319213111,
8932028188936539,
11802099208208000,
11926691363862809,
28672295384645275,
