.547258853912354
1.08241701126099
1.60574197769165
2.1174955368042
2.61793351173401
3.10730600357056
3.58585786819458
4.05382823944092
4.51145076751709
4.95895481109619
5.39656400680542
5.82449674606323
6.24296760559082
6.65218544006348
7.05235481262207
7.44367551803589
7.82634353637695
8.2005500793457
8.56648254394531
8.92432403564453
9.27425289154053
9.61644458770752
9.95106983184814
10.2782955169678
10.5982856750488
10.9112005233765
11.2171964645386
11.5164260864258
11.8090400695801
12.0951833724976
12.375
