0 2.4816068
1 2.4857136
2 2.4980006
3 2.5183679
4 2.5466490
5 2.5826117
6 2.6259587
7 2.6763290
8 2.7332999
9 2.7963899
10 2.8650622
11 2.9387298
12 3.0167614
13 3.0984887
14 3.1832146
15 3.2702233
16 3.3587901
17 3.4481925
18 3.5377220
19 3.6266946
20 3.7144621
21 3.8004218
22 3.8840249
23 3.9647841
24 4.0422782
25 4.1161561
26 4.1861377
27 4.2520138
28 4.3136437
29 4.3709513
30 4.4239201
31 4.4725875
32 4.5170373
33 4.5573937
34 4.5938132
35 4.6264783
36 4.6555909
37 4.6813657
38 4.7040256
39 4.7237962
40 4.7409025
41 4.7555648
42 4.7679971
43 4.7784040
44 4.7869801
45 4.7939088
46 4.7993614
47 4.8034974
48 4.8064644
49 4.8083980
50 4.8094228
51 4.8096527
52 4.8091912
53 4.8081323
54 4.8065612
55 4.8045547
56 4.8021817
57 4.7995042
58 4.7965773
59 4.7934499
60 4.7901654
61 4.7867615
62 4.7832713
63 4.7797233
64 4.7761417
65 4.7725471
66 4.7689564
67 4.7653837
68 4.7618399
69 4.7583339
70 4.7548721
71 4.7514595
72 4.7480994
73 4.7447939
74 4.7415443
75 4.7383513
76 4.7352151
77 4.7321359
78 4.7291136
79 4.7261484
80 4.7232409
81 4.7203917
82 4.7176020
83 4.7148732
84 4.7122072
85 4.7096060
86 4.7070720
87 4.7046076
88 4.7022153
89 4.6998975
90 4.6976564
91 4.6954937
92 4.6934109
93 4.6914088
94 4.6894877
95 4.6876469
96 4.6858854
97 4.6842011
98 4.6825912
99 4.6810521
100 4.6795797
101 4.6781692
102 4.6768150
103 4.6755114
104 4.6742522
105 4.6730312
106 4.6718421
107 4.6706786
108 4.6695349
109 4.6684053
110 4.6672848
111 4.6661691
112 4.6650544
113 4.6639378
114 4.6628171
115 4.6616911
116 4.6605591
117 4.6594215
118 4.6582791
119 4.6571337
120 4.6559873
121 4.6548424
122 4.6537018
123 4.6525686
124 4.6514457
125 4.6503361
126 4.6492424
127 4.6481671
128 4.6471121
129 4.6460790
130 4.6450687
131 4.6440816
132 4.6431175
133 4.6421757
134 4.6412549
135 4.6403533
136 4.6394686
137 4.6385984
138 4.6377397
139 4.6368896
140 4.6360450
141 4.6352029
142 4.6343603
143 4.6335146
144 4.6326633
145 4.6318043
146 4.6309361
147 4.6300574
148 4.6291676
149 4.6282663
150 4.6273539
151 4.6264311
152 4.6254989
153 4.6245588
154 4.6236127
155 4.6226625
156 4.6217105
157 4.6207588
158 4.6198098
159 4.6188656
160 4.6179283
161 4.6169998
162 4.6160817
163 4.6151753
164 4.6142816
165 4.6134012
166 4.6125345
167 4.6116814
168 4.6108415
169 4.6100142
170 4.6091986
171 4.6083936
172 4.6075980
173 4.6068105
174 4.6060300
175 4.6052553
176 4.6044853
177 4.6037194
178 4.6029570
179 4.6021980
180 4.6014428
181 4.6006918
182 4.5999463
183 4.5992078
184 4.5984781
185 4.5977596
186 4.5970549
187 4.5963670
188 4.5956989
189 4.5950539
190 4.5944352
191 4.5938460
192 4.5932894
193 4.5927679
194 4.5922841
195 4.5918397
196 4.5914360
197 4.5910740
198 4.5907536
199 4.5904743
200 4.5902348
201 4.5900332
202 4.5898670
203 4.5897331
204 4.5896280
205 4.5895479
206 4.5894885
207 4.5894456
208 4.5894151
209 4.5893930
210 4.5893755
211 4.5893596
212 4.5893424
213 4.5893221
214 4.5892976
215 4.5892683
216 4.5892347
217 4.5891980
218 4.5891602
219 4.5891238
220 4.5890920
221 4.5890684
222 4.5890565
223 4.5890601
224 4.5890826
225 4.5891271
226 4.5891960
227 4.5892907
228 4.5894119
229 4.5895586
230 4.5897290
231 4.5899196
232 4.5901254
233 4.5903403
234 4.5905564
235 4.5907650
236 4.5909559
237 4.5911185
238 4.5912411
239 4.5913122
240 4.5913201
241 4.5912534
242 4.5911016
243 4.5908553
244 4.5905065
245 4.5900490
246 4.5894789
247 4.5887941
248 4.5879956
249 4.5870868
250 4.5860739
251 4.5849657
252 4.5837738
253 4.5825125
254 4.5811981
255 4.5798492
256 4.5784858
257 4.5771294
258 4.5758023
259 4.5745271
260 4.5733263
261 4.5722216
262 4.5712337
263 4.5703813
264 4.5696812
265 4.5691474
266 4.5687910
267 4.5686197
268 4.5686376
269 4.5688450
270 4.5692383
271 4.5698100
272 4.5705486
273 4.5714391
274 4.5724629
275 4.5735981
276 4.5748203
277 4.5761025
278 4.5774157
279 4.5787299
280 4.5800141
281 4.5812372
282 4.5823686
283 4.5833785
284 4.5842391
285 4.5849244
286 4.5854113
287 4.5856798
288 4.5857138
289 4.5855007
290 4.5850325
291 4.5843056
292 4.5833209
293 4.5820840
294 4.5806053
295 4.5788995
296 4.5769857
297 4.5748870
298 4.5726303
299 4.5702456
300 4.5677660
301 4.5652265
302 4.5626641
303 4.5601169
304 4.5576234
305 4.5552219
306 4.5529500
307 4.5508440
308 4.5489380
309 4.5472636
310 4.5458494
311 4.5447203
312 4.5438975
313 4.5433978
314 4.5432335
315 4.5434123
316 4.5439373
317 4.5448068
318 4.5460146
319 4.5475502
320 4.5493989
321 4.5515423
322 4.5539588
323 4.5566238
324 4.5595102
325 4.5625891
326 4.5658304
327 4.5692029
328 4.5726751
329 4.5762157
330 4.5797939
331 4.5833799
332 4.5869449
333 4.5904618
334 4.5939051
335 4.5972512
336 4.6004783
337 4.6035663
338 4.6064972
339 4.6092545
340 4.6118231
341 4.6141895
342 4.6163411
343 4.6182663
344 4.6199542
345 4.6213943
346 4.6225764
347 4.6234905
348 4.6241267
349 4.6244750
350 4.6245254
351 4.6242680
352 4.6236930
353 4.6227910
354 4.6215532
355 4.6199718
356 4.6180401
357 4.6157530
358 4.6131077
359 4.6101035
360 4.6067428
361 4.6030312
362 4.5989782
363 4.5945970
364 4.5899054
365 4.5849255
366 4.5796842
367 4.5742131
368 4.5685484
369 4.5627306
370 4.5568046
371 4.5508190
372 4.5448256
373 4.5388789
374 4.5330352
375 4.5273521
376 4.5218876
377 4.5166989
378 4.5118419
379 4.5073698
380 4.5033328
381 4.4997767
382 4.4967422
383 4.4942643
384 4.4923717
385 4.4910859
386 4.4904213
387 4.4903844
388 4.4909740
389 4.4921813
390 4.4939896
391 4.4963751
392 4.4993068
393 4.5027476
394 4.5066543
395 4.5109790
396 4.5156695
397 4.5206701
398 4.5259229
399 4.5313683
400 4.5369463
401 4.5425971
402 4.5482622
403 4.5538851
404 4.5594124
405 4.5647937
406 4.5699834
407 4.5749400
408 4.5796274
409 4.5840149
410 4.5880774
411 4.5917957
412 4.5951563
413 4.5981514
414 4.6007791
415 4.6030425
416 4.6049499
417 4.6065142
418 4.6077527
419 4.6086863
420 4.6093390
421 4.6097378
422 4.6099115
423 4.6098907
424 4.6097069
425 4.6093919
426 4.6089776
427 4.6084953
428 4.6079751
429 4.6074457
430 4.6069340
431 4.6064645
432 4.6060594
433 4.6057382
434 4.6055174
435 4.6054107
436 4.6054285
437 4.6055782
438 4.6058641
439 4.6062874
440 4.6068464
441 4.6075365
442 4.6083501
443 4.6092774
444 4.6103057
445 4.6114203
446 4.6126040
447 4.6138379
448 4.6151008
449 4.6163699
450 4.6176208
451 4.6188274
452 4.6199621
453 4.6209960
454 4.6218990
455 4.6226399
456 4.6231863
457 4.6235051
458 4.6235625
459 4.6233243
460 4.6227560
461 4.6218236
462 4.6204931
463 4.6187318
464 4.6165082
465 4.6137930
466 4.6105590
467 4.6067826
468 4.6024436
469 4.5975266
470 4.5920212
471 4.5859228
472 4.5792335
473 4.5719622
474 4.5641257
475 4.5557487
476 4.5468645
477 4.5375148
478 4.5277500
479 4.5176291
480 4.5072193
481 4.4965957
482 4.4858405
483 4.4750421
484 4.4642944
485 4.4536952
486 4.4433454
487 4.4333473
488 4.4238028
489 4.4148124
490 4.4064734
491 4.3988778
492 4.3921118
493 4.3862530
494 4.3813704
495 4.3775222
496 4.3747551
497 4.3731035
498 4.3725891
499 4.3732199
500 4.3749907
501 4.3778829
502 4.3818647
503 4.3868921
504 4.3929092
505 4.3998496
506 4.4076372
507 4.4161879
508 4.4254106
509 4.4352089
510 4.4454828
511 4.4561300
512 4.4670477
513 4.4781338
514 4.4892889
515 4.5004169
516 4.5114270
517 4.5222340
518 4.5327600
519 4.5429344
520 4.5526953
521 4.5619891
522 4.5707711
523 4.5790059
524 4.5866665
525 4.5937349
526 4.6002010
527 4.6060628
528 4.6113251
529 4.6159993
530 4.6201024
531 4.6236566
532 4.6266878
533 4.6292255
534 4.6313016
535 4.6329497
536 4.6342041
537 4.6350998
538 4.6356710
539 4.6359510
540 4.6359717
541 4.6357631
542 4.6353525
543 4.6347652
544 4.6340234
545 4.6331464
546 4.6321507
547 4.6310499
548 4.6298546
549 4.6285730
550 4.6272109
551 4.6257717
552 4.6242571
553 4.6226676
554 4.6210021
555 4.6192591
556 4.6174369
557 4.6155336
558 4.6135482
559 4.6114801
560 4.6093304
561 4.6071015
562 4.6047975
563 4.6024247
564 4.5999915
565 4.5975084
566 4.5949882
567 4.5924458
568 4.5898981
569 4.5873638
570 4.5848632
571 4.5824178
572 4.5800496
573 4.5777813
574 4.5756355
575 4.5736340
576 4.5717978
577 4.5701464
578 4.5686972
579 4.5674653
580 4.5664630
581 4.5656999
582 4.5651819
583 4.5649117
584 4.5648885
585 4.5651080
586 4.5655625
587 4.5662408
588 4.5671291
589 4.5682105
590 4.5694660
591 4.5708745
592 4.5724137
593 4.5740599
594 4.5757893
595 4.5775777
596 4.5794017
597 4.5812386
598 4.5830671
599 4.5848674
600 4.5866220
601 4.5883155
602 4.5899347
603 4.5914695
604 4.5929119
605 4.5942568
606 4.5955017
607 4.5966463
608 4.5976927
609 4.5986452
610 4.5995098
611 4.6002940
612 4.6010069
613 4.6016582
614 4.6022587
615 4.6028195
616 4.6033518
617 4.6038671
618 4.6043762
619 4.6048899
620 4.6054182
621 4.6059706
622 4.6065556
623 4.6071812
624 4.6078541
625 4.6085807
626 4.6093662
627 4.6102150
628 4.6111310
629 4.6121171
630 4.6131757
631 4.6143087
632 4.6155171
633 4.6168016
634 4.6181624
635 4.6195990
636 4.6211104
637 4.6226951
638 4.6243507
639 4.6260744
640 4.6278622
641 4.6297095
642 4.6316102
643 4.6335574
644 4.6355423
645 4.6375550
646 4.6395834
647 4.6416138
648 4.6436300
649 4.6456137
650 4.6475440
651 4.6493971
652 4.6511465
653 4.6527626
654 4.6542127
655 4.6554607
656 4.6564673
657 4.6571900
658 4.6575828
659 4.6575969
660 4.6571804
661 4.6562789
662 4.6548356
663 4.6527922
664 4.6500891
665 4.6466664
666 4.6424645
667 4.6374250
668 4.6314923
669 4.6246138
670 4.6167420
671 4.6078352
672 4.5978593
673 4.5867887
674 4.5746081
675 4.5613135
676 4.5469135
677 4.5314306
678 4.5149021
679 4.4973805
680 4.4789347
681 4.4596498
682 4.4396272
683 4.4189844
684 4.3978543
685 4.3763840
686 4.3547336
687 4.3330748
688 4.3115884
689 4.2904624
690 4.2698892
691 4.2500633
692 4.2311779
693 4.2134225
694 4.1969796
695 4.1820215
696 4.1687083
697 4.1571841
698 4.1475757
699 4.1399895
700 4.1345101
701 4.1311989
702 4.1300928
703 4.1312037
704 4.1345182
705 4.1399979
706 4.1475803
707 4.1571796
708 4.1686882
709 4.1819788
710 4.1969066
711 4.2133114
712 4.2310205
713 4.2498518
714 4.2696160
715 4.2901203
716 4.3111709
717 4.3325757
718 4.3541475
719 4.3757059
720 4.3970799
721 4.4181099
722 4.4386490
723 4.4585647
724 4.4777398
725 4.4960730
726 4.5134794
727 4.5298903
728 4.5452532
729 4.5595311
730 4.5727018
731 4.5847571
732 4.5957015
733 4.6055510
734 4.6143319
735 4.6220792
736 4.6288355
737 4.6346497
738 4.6395752
739 4.6436691
740 4.6469910
741 4.6496017
742 4.6515622
743 4.6529334
744 4.6537746
745 4.6541435
746 4.6540953
747 4.6536826
748 4.6529550
749 4.6519587
750 4.6507369
751 4.6493290
752 4.6477715
753 4.6460971
754 4.6443358
755 4.6425142
756 4.6406560
757 4.6387825
758 4.6369120
759 4.6350607
760 4.6332424
761 4.6314690
762 4.6297503
763 4.6280945
764 4.6265080
765 4.6249957
766 4.6235612
767 4.6222064
768 4.6209322
769 4.6197382
770 4.6186226
771 4.6175827
772 4.6166147
773 4.6157135
774 4.6148735
775 4.6140878
776 4.6133488
777 4.6126482
778 4.6119771
779 4.6113258
780 4.6106847
781 4.6100435
782 4.6093922
783 4.6087208
784 4.6080194
785 4.6072790
786 4.6064910
787 4.6056479
788 4.6047434
789 4.6037722
790 4.6027308
791 4.6016173
792 4.6004316
793 4.5991753
794 4.5978523
795 4.5964682
796 4.5950307
797 4.5935495
798 4.5920358
799 4.5905029
800 4.5889653
801 4.5874387
802 4.5859399
803 4.5844864
804 4.5830961
805 4.5817868
806 4.5805760
807 4.5794806
808 4.5785165
809 4.5776982
810 4.5770387
811 4.5765492
812 4.5762386
813 4.5761137
814 4.5761788
815 4.5764360
816 4.5768847
817 4.5775220
818 4.5783426
819 4.5793392
820 4.5805024
821 4.5818208
822 4.5832817
823 4.5848711
824 4.5865738
825 4.5883738
826 4.5902549
827 4.5922001
828 4.5941926
829 4.5962155
830 4.5982522
831 4.6002863
832 4.6023014
833 4.6042817
834 4.6062115
835 4.6080750
836 4.6098567
837 4.6115407
838 4.6131109
839 4.6145505
840 4.6158424
841 4.6169684
842 4.6179095
843 4.6186459
844 4.6191565
845 4.6194196
846 4.6194123
847 4.6191113
848 4.6184927
849 4.6175326
850 4.6162074
851 4.6144940
852 4.6123707
853 4.6098178
854 4.6068177
855 4.6033561
856 4.5994222
857 4.5950098
858 4.5901173
859 4.5847489
860 4.5789147
861 4.5726312
862 4.5659218
863 4.5588167
864 4.5513534
865 4.5435761
866 4.5355361
867 4.5272910
868 4.5189045
869 4.5104454
870 4.5019871
871 4.4936069
872 4.4853843
873 4.4774004
874 4.4697367
875 4.4624735
876 4.4556890
877 4.4494577
878 4.4438493
879 4.4389276
880 4.4347493
881 4.4313631
882 4.4288085
883 4.4271154
884 4.4263037
885 4.4263825
886 4.4273504
887 4.4291950
888 4.4318938
889 4.4354138
890 4.4397130
891 4.4447405
892 4.4504375
893 4.4567386
894 4.4635730
895 4.4708651
896 4.4785365
897 4.4865070
898 4.4946958
899 4.5030227
900 4.5114096
901 4.5197814
902 4.5280669
903 4.5362000
904 4.5441201
905 4.5517730
906 4.5591112
907 4.5660942
908 4.5726887
909 4.5788686
910 4.5846151
911 4.5899158
912 4.5947653
913 4.5991638
914 4.6031172
915 4.6066362
916 4.6097358
917 4.6124345
918 4.6147535
919 4.6167162
920 4.6183475
921 4.6196730
922 4.6207182
923 4.6215086
924 4.6220682
925 4.6224198
926 4.6225842
927 4.6225803
928 4.6224240
929 4.6221290
930 4.6217062
931 4.6211634
932 4.6205061
933 4.6197369
934 4.6188561
935 4.6178618
936 4.6167503
937 4.6155162
938 4.6141533
939 4.6126545
940 4.6110124
941 4.6092202
942 4.6072715
943 4.6051614
944 4.6028863
945 4.6004449
946 4.5978385
947 4.5950708
948 4.5921488
949 4.5890828
950 4.5858862
951 4.5825760
952 4.5791726
953 4.5756992
954 4.5721825
955 4.5686515
956 4.5651374
957 4.5616735
958 4.5582940
959 4.5550340
960 4.5519285
961 4.5490120
962 4.5463176
963 4.5438766
964 4.5417177
965 4.5398666
966 4.5383451
967 4.5371713
968 4.5363584
969 4.5359149
970 4.5358445
971 4.5361456
972 4.5368116
973 4.5378308
974 4.5391867
975 4.5408583
976 4.5428204
977 4.5450442
978 4.5474975
979 4.5501455
980 4.5529515
981 4.5558772
982 4.5588836
983 4.5619314
984 4.5649821
985 4.5679980
986 4.5709431
987 4.5737838
988 4.5764891
989 4.5790310
990 4.5813851
991 4.5835307
992 4.5854513
993 4.5871345
994 4.5885719
995 4.5897599
996 4.5906986
997 4.5913925
998 4.5918502
999 4.5920836
1000 4.5921082
1001 4.5919426
1002 4.5916078
1003 4.5911273
1004 4.5905260
1005 4.5898303
1006 4.5890673
1007 4.5882643
1008 4.5874483
1009 4.5866456
1010 4.5858814
1011 4.5851790
1012 4.5845601
1013 4.5840435
1014 4.5836457
1015 4.5833804
1016 4.5832578
1017 4.5832855
1018 4.5834675
1019 4.5838049
1020 4.5842956
1021 4.5849348
1022 4.5857149
1023 4.5866259
1024 4.5876557
1025 4.5887904
1026 4.5900149
1027 4.5913128
1028 4.5926671
1029 4.5940608
1030 4.5954766
1031 4.5968980
1032 4.5983089
1033 4.5996946
1034 4.6010415
1035 4.6023373
1036 4.6035717
1037 4.6047358
1038 4.6058227
1039 4.6068272
1040 4.6077459
1041 4.6085771
1042 4.6093207
1043 4.6099781
1044 4.6105518
1045 4.6110457
1046 4.6114644
1047 4.6118134
1048 4.6120985
1049 4.6123263
1050 4.6125031
1051 4.6126355
1052 4.6127299
1053 4.6127924
1054 4.6128289
1055 4.6128446
1056 4.6128447
1057 4.6128333
1058 4.6128145
1059 4.6127915
1060 4.6127673
1061 4.6127443
1062 4.6127246
1063 4.6127098
1064 4.6127014
1065 4.6127004
1066 4.6127079
1067 4.6127247
1068 4.6127516
1069 4.6127892
1070 4.6128383
1071 4.6128994
1072 4.6129734
1073 4.6130610
1074 4.6131628
1075 4.6132797
1076 4.6134126
1077 4.6135621
1078 4.6137293
1079 4.6139149
1080 4.6141197
1081 4.6143447
1082 4.6145907
1083 4.6148585
1084 4.6151490
1085 4.6154631
1086 4.6158018
1087 4.6161659
1088 4.6165567
1089 4.6169751
1090 4.6174223
1091 4.6178997
1092 4.6184085
1093 4.6189503
1094 4.6195265
1095 4.6201387
1096 4.6207886
1097 4.6214779
1098 4.6222082
1099 4.6229811
1100 4.6237984
1101 4.6246615
1102 4.6255720
1103 4.6265313
1104 4.6275406
1105 4.6286012
1106 4.6297140
1107 4.6308801
1108 4.6321003
1109 4.6333755
1110 4.6347065
1111 4.6360940
1112 4.6375389
1113 4.6390422
1114 4.6406047
1115 4.6422277
1116 4.6439125
1117 4.6456606
1118 4.6474737
1119 4.6493536
1120 4.6513025
1121 4.6533224
1122 4.6554156
1123 4.6575845
1124 4.6598313
1125 4.6621581
1126 4.6645667
1127 4.6670586
1128 4.6696350
1129 4.6722960
1130 4.6750414
1131 4.6778698
1132 4.6807788
1133 4.6837647
1134 4.6868224
1135 4.6899453
1136 4.6931246
1137 4.6963500
1138 4.6996086
1139 4.7028854
1140 4.7061623
1141 4.7094188
1142 4.7126308
1143 4.7157710
1144 4.7188080
1145 4.7217068
1146 4.7244275
1147 4.7269257
1148 4.7291516
1149 4.7310502
1150 4.7325604
1151 4.7336148
1152 4.7341399
1153 4.7340550
1154 4.7332726
1155 4.7316982
1156 4.7292301
1157 4.7257599
1158 4.7211726
1159 4.7153469
1160 4.7081565
1161 4.6994705
1162 4.6891553
1163 4.6770755
1164 4.6630961
1165 4.6470846
1166 4.6289137
1167 4.6084636
1168 4.5856256
1169 4.5603048
1170 4.5324242
1171 4.5019275
1172 4.4687832
1173 4.4329879
1174 4.3945696
1175 4.3535903
1176 4.3101490
1177 4.2643836
1178 4.2164716
1179 4.1666316
1180 4.1151221
1181 4.0622408
1182 4.0083224
1183 3.9537356
1184 3.8988792
1185 3.8441772
1186 3.7900738
1187 3.7370273
1188 3.6855035
1189 3.6359688
1190 3.5888841
1191 3.5446969
1192 3.5038355
1193 3.4667021
1194 3.4336666
1195 3.4050617
1196 3.3811776
1197 3.3622579
1198 3.3484961
1199 3.3400328
1200 3.3369539
1201 3.3392892
1202 3.3470125
1203 3.3600415
1204 3.3782391
1205 3.4014159
1206 3.4293326
1207 3.4617033
1208 3.4982002
1209 3.5384580
1210 3.5820795
1211 3.6286414
1212 3.6777006
1213 3.7288009
1214 3.7814793
1215 3.8352732
1216 3.8897268
1217 3.9443972
1218 3.9988607
1219 4.0527179
1220 4.1055983
1221 4.1571644
1222 4.2071150
1223 4.2551868
1224 4.3011563
1225 4.3448401
1226 4.3860944
1227 4.4248141
1228 4.4609311
1229 4.4944114
1230 4.5252532
1231 4.5534829
1232 4.5791524
1233 4.6023350
1234 4.6231227
1235 4.6416220
1236 4.6579510
1237 4.6722364
1238 4.6846106
1239 4.6952089
1240 4.7041676
1241 4.7116219
1242 4.7177044
1243 4.7225434
1244 4.7262622
1245 4.7289783
1246 4.7308023
1247 4.7318383
1248 4.7321829
1249 4.7319256
1250 4.7311486
1251 4.7299274
1252 4.7283303
1253 4.7264193
1254 4.7242501
1255 4.7218726
1256 4.7193312
1257 4.7166649
1258 4.7139084
1259 4.7110916
1260 4.7082404
1261 4.7053770
1262 4.7025202
1263 4.6996855
1264 4.6968856
1265 4.6941308
1266 4.6914288
1267 4.6887854
1268 4.6862046
1269 4.6836886
1270 4.6812382
1271 4.6788534
1272 4.6765326
1273 4.6742740
1274 4.6720747
1275 4.6699317
1276 4.6678416
1277 4.6658008
1278 4.6638058
1279 4.6618531
1280 4.6599395
1281 4.6580621
1282 4.6562183
1283 4.6544059
1284 4.6526233
1285 4.6508692
1286 4.6491428
1287 4.6474438
1288 4.6457724
1289 4.6441290
1290 4.6425145
1291 4.6409300
1292 4.6393769
1293 4.6378568
1294 4.6363714
1295 4.6349223
1296 4.6335115
1297 4.6321404
1298 4.6308107
1299 4.6295237
1300 4.6282806
1301 4.6270823
1302 4.6259294
1303 4.6248223
1304 4.6237610
1305 4.6227451
1306 4.6217739
1307 4.6208464
1308 4.6199613
1309 4.6191169
1310 4.6183113
1311 4.6175423
1312 4.6168075
1313 4.6161043
1314 4.6154301
1315 4.6147821
1316 4.6141576
1317 4.6135539
1318 4.6129682
1319 4.6123983
1320 4.6118417
1321 4.6112964
1322 4.6107605
1323 4.6102326
1324 4.6097114
1325 4.6091958
1326 4.6086853
1327 4.6081793
1328 4.6076775
1329 4.6071800
1330 4.6066868
1331 4.6061980
1332 4.6057137
1333 4.6052341
1334 4.6047592
1335 4.6042889
1336 4.6038230
1337 4.6033610
1338 4.6029025
1339 4.6024467
1340 4.6019927
1341 4.6015396
1342 4.6010863
1343 4.6006319
1344 4.6001755
1345 4.5997164
1346 4.5992541
1347 4.5987886
1348 4.5983201
1349 4.5978494
1350 4.5973776
1351 4.5969066
1352 4.5964384
1353 4.5959759
1354 4.5955221
1355 4.5950804
1356 4.5946545
1357 4.5942480
1358 4.5938644
1359 4.5935071
1360 4.5931790
1361 4.5928821
1362 4.5926179
1363 4.5923868
1364 4.5921877
1365 4.5920188
1366 4.5918765
1367 4.5917558
1368 4.5916503
1369 4.5915523
1370 4.5914525
1371 4.5913407
1372 4.5912055
1373 4.5910347
1374 4.5908158
1375 4.5905359
1376 4.5901826
1377 4.5897437
1378 4.5892082
1379 4.5885663
1380 4.5878099
1381 4.5869331
1382 4.5859323
1383 4.5848065
1384 4.5835576
1385 4.5821907
1386 4.5807138
1387 4.5791384
1388 4.5774788
1389 4.5757524
1390 4.5739794
1391 4.5721823
1392 4.5703859
1393 4.5686164
1394 4.5669014
1395 4.5652689
1396 4.5637474
1397 4.5623646
1398 4.5611473
1399 4.5601207
1400 4.5593079
1401 4.5587295
1402 4.5584029
1403 4.5583423
1404 4.5585582
1405 4.5590571
1406 4.5598416
1407 4.5609100
1408 4.5622567
1409 4.5638722
1410 4.5657429
1411 4.5678519
1412 4.5701789
1413 4.5727008
1414 4.5753917
1415 4.5782237
1416 4.5811672
1417 4.5841912
1418 4.5872636
1419 4.5903520
1420 4.5934237
1421 4.5964463
1422 4.5993876
1423 4.6022163
1424 4.6049021
1425 4.6074158
1426 4.6097292
1427 4.6118161
1428 4.6136514
1429 4.6152117
1430 4.6164755
1431 4.6174230
1432 4.6180362
1433 4.6182992
1434 4.6181980
1435 4.6177212
1436 4.6168595
1437 4.6156062
1438 4.6139573
1439 4.6119121
1440 4.6094726
1441 4.6066448
1442 4.6034379
1443 4.5998652
1444 4.5959439
1445 4.5916955
1446 4.5871457
1447 4.5823246
1448 4.5772664
1449 4.5720094
1450 4.5665960
1451 4.5610718
1452 4.5554858
1453 4.5498898
1454 4.5443374
1455 4.5388837
1456 4.5335846
1457 4.5284956
1458 4.5236715
1459 4.5191651
1460 4.5150268
1461 4.5113032
1462 4.5080367
1463 4.5052647
1464 4.5030188
1465 4.5013243
1466 4.5001998
1467 4.4996567
1468 4.4996990
1469 4.5003234
1470 4.5015189
1471 4.5032676
1472 4.5055445
1473 4.5083182
1474 4.5115513
1475 4.5152012
1476 4.5192205
1477 4.5235584
1478 4.5281609
1479 4.5329722
1480 4.5379351
1481 4.5429925
1482 4.5480878
1483 4.5531660
1484 4.5581743
1485 4.5630630
1486 4.5677859
1487 4.5723014
1488 4.5765724
1489 4.5805668
1490 4.5842580
1491 4.5876252
1492 4.5906527
1493 4.5933310
1494 4.5956556
1495 4.5976277
1496 4.5992533
1497 4.6005433
1498 4.6015127
1499 4.6021805
1500 4.6025690
1501 4.6027033
1502 4.6026109
1503 4.6023208
1504 4.6018635
1505 4.6012700
1506 4.6005714
1507 4.5997986
1508 4.5989816
1509 4.5981493
1510 4.5973289
1511 4.5965457
1512 4.5958231
1513 4.5951818
1514 4.5946402
1515 4.5942141
1516 4.5939166
1517 4.5937580
1518 4.5937460
1519 4.5938860
1520 4.5941807
1521 4.5946303
1522 4.5952332
1523 4.5959855
1524 4.5968816
1525 4.5979142
1526 4.5990742
1527 4.6003514
1528 4.6017343
1529 4.6032100
1530 4.6047647
1531 4.6063834
1532 4.6080502
1533 4.6097481
1534 4.6114588
1535 4.6131632
1536 4.6148407
1537 4.6164696
1538 4.6180266
1539 4.6194871
1540 4.6208248
1541 4.6220118
1542 4.6230186
1543 4.6238139
1544 4.6243649
1545 4.6246374
1546 4.6245955
1547 4.6242027
1548 4.6234211
1549 4.6222129
1550 4.6205401
1551 4.6183653
1552 4.6156523
1553 4.6123667
1554 4.6084768
1555 4.6039542
1556 4.5987747
1557 4.5929194
1558 4.5863750
1559 4.5791352
1560 4.5712009
1561 4.5625817
1562 4.5532958
1563 4.5433710
1564 4.5328448
1565 4.5217650
1566 4.5101895
1567 4.4981861
1568 4.4858327
1569 4.4732162
1570 4.4604321
1571 4.4475834
1572 4.4347797
1573 4.4221355
1574 4.4097690
1575 4.3978005
1576 4.3863504
1577 4.3755375
1578 4.3654773
1579 4.3562797
1580 4.3480476
1581 4.3408751
1582 4.3348456
1583 4.3300305
1584 4.3264881
1585 4.3242622
1586 4.3233815
1587 4.3238592
1588 4.3256924
1589 4.3288623
1590 4.3333349
1591 4.3390608
1592 4.3459769
1593 4.3540068
1594 4.3630629
1595 4.3730471
1596 4.3838529
1597 4.3953674
1598 4.4074727
1599 4.4200478
1600 4.4329709
1601 4.4461208
1602 4.4593789
1603 4.4726307
1604 4.4857672
1605 4.4986866
1606 4.5112947
1607 4.5235066
1608 4.5352468
1609 4.5464500
1610 4.5570612
1611 4.5670361
1612 4.5763405
1613 4.5849503
1614 4.5928510
1615 4.6000370
1616 4.6065112
1617 4.6122838
1618 4.6173720
1619 4.6217985
1620 4.6255910
1621 4.6287815
1622 4.6314048
1623 4.6334982
1624 4.6351007
1625 4.6362521
1626 4.6369925
1627 4.6373616
1628 4.6373987
1629 4.6371415
1630 4.6366268
1631 4.6358893
1632 4.6349622
1633 4.6338766
1634 4.6326617
1635 4.6313449
1636 4.6299513
1637 4.6285045
1638 4.6270260
1639 4.6255357
1640 4.6240517
1641 4.6225907
1642 4.6211676
1643 4.6197958
1644 4.6184871
1645 4.6172519
1646 4.6160989
1647 4.6150350
1648 4.6140656
1649 4.6131940
1650 4.6124216
1651 4.6117480
1652 4.6111702
1653 4.6106833
1654 4.6102801
1655 4.6099508
1656 4.6096834
1657 4.6094637
1658 4.6092750
1659 4.6090987
1660 4.6089143
1661 4.6086996
1662 4.6084309
1663 4.6080835
1664 4.6076323
1665 4.6070519
1666 4.6063170
1667 4.6054036
1668 4.6042886
1669 4.6029511
1670 4.6013727
1671 4.5995378
1672 4.5974345
1673 4.5950549
1674 4.5923954
1675 4.5894571
1676 4.5862463
1677 4.5827741
1678 4.5790572
1679 4.5751175
1680 4.5709816
1681 4.5666814
1682 4.5622529
1683 4.5577363
1684 4.5531750
1685 4.5486155
1686 4.5441061
1687 4.5396964
1688 4.5354364
1689 4.5313756
1690 4.5275624
1691 4.5240428
1692 4.5208597
1693 4.5180523
1694 4.5156554
1695 4.5136984
1696 4.5122050
1697 4.5111927
1698 4.5106728
1699 4.5106495
1700 4.5111206
1701 4.5120771
1702 4.5135034
1703 4.5153778
1704 4.5176727
1705 4.5203555
1706 4.5233886
1707 4.5267306
1708 4.5303367
1709 4.5341597
1710 4.5381507
1711 4.5422598
1712 4.5464370
1713 4.5506330
1714 4.5547998
1715 4.5588913
1716 4.5628644
1717 4.5666787
1718 4.5702977
1719 4.5736890
1720 4.5768242
1721 4.5796797
1722 4.5822364
1723 4.5844800
1724 4.5864009
1725 4.5879940
1726 4.5892590
1727 4.5901996
1728 4.5908237
1729 4.5911431
1730 4.5911729
1731 4.5909316
1732 4.5904402
1733 4.5897224
1734 4.5888037
1735 4.5877113
1736 4.5864738
1737 4.5851204
1738 4.5836808
1739 4.5821848
1740 4.5806615
1741 4.5791397
1742 4.5776467
1743 4.5762085
1744 4.5748494
1745 4.5735913
1746 4.5724540
1747 4.5714547
1748 4.5706080
1749 4.5699252
1750 4.5694152
1751 4.5690835
1752 4.5689328
1753 4.5689627
1754 4.5691704
1755 4.5695501
1756 4.5700938
1757 4.5707913
1758 4.5716304
1759 4.5725976
1760 4.5736780
1761 4.5748560
1762 4.5761152
1763 4.5774393
1764 4.5788122
1765 4.5802181
1766 4.5816420
1767 4.5830702
1768 4.5844901
1769 4.5858904
1770 4.5872617
1771 4.5885960
1772 4.5898872
1773 4.5911308
1774 4.5923238
1775 4.5934651
1776 4.5945548
1777 4.5955943
1778 4.5965862
1779 4.5975338
1780 4.5984413
1781 4.5993134
1782 4.6001549
1783 4.6009710
1784 4.6017667
1785 4.6025466
1786 4.6033153
1787 4.6040768
1788 4.6048345
1789 4.6055913
1790 4.6063496
1791 4.6071112
1792 4.6078774
1793 4.6086489
1794 4.6094261
1795 4.6102092
1796 4.6109979
1797 4.6117921
1798 4.6125914
1799 4.6133956
1800 4.6142046
1801 4.6150186
1802 4.6158379
1803 4.6166633
1804 4.6174959
1805 4.6183370
1806 4.6191885
1807 4.6200524
1808 4.6209311
1809 4.6218271
1810 4.6227434
1811 4.6236828
1812 4.6246484
1813 4.6256430
1814 4.6266697
1815 4.6277312
1816 4.6288302
1817 4.6299690
1818 4.6311498
1819 4.6323744
1820 4.6336444
1821 4.6349611
1822 4.6363255
1823 4.6377383
1824 4.6392000
1825 4.6407109
1826 4.6422712
1827 4.6438809
1828 4.6455398
1829 4.6472478
1830 4.6490048
1831 4.6508104
1832 4.6526643
1833 4.6545660
1834 4.6565149
1835 4.6585102
1836 4.6605506
1837 4.6626343
1838 4.6647588
1839 4.6669208
1840 4.6691158
1841 4.6713378
1842 4.6735791
1843 4.6758302
1844 4.6780789
1845 4.6803105
1846 4.6825071
1847 4.6846474
1848 4.6867062
1849 4.6886541
1850 4.6904570
1851 4.6920761
1852 4.6934672
1853 4.6945806
1854 4.6953610
1855 4.6957471
1856 4.6956718
1857 4.6950621
1858 4.6938391
1859 4.6919184
1860 4.6892107
1861 4.6856217
1862 4.6810536
1863 4.6754052
1864 4.6685737
1865 4.6604554
1866 4.6509476
1867 4.6399498
1868 4.6273662
1869 4.6131071
1870 4.5970914
1871 4.5792491
1872 4.5595235
1873 4.5378735
1874 4.5142764
1875 4.4887301
1876 4.4612554
1877 4.4318976
1878 4.4007290
1879 4.3678497
1880 4.3333884
1881 4.2975033
1882 4.2603817
1883 4.2222392
1884 4.1833186
1885 4.1438877
1886 4.1042369
1887 4.0646759
1888 4.0255301
1889 3.9871362
1890 3.9498379
1891 3.9139809
1892 3.8799076
1893 3.8479521
1894 3.8184353
1895 3.7916592
1896 3.7679025
1897 3.7474161
1898 3.7304189
1899 3.7170943
1900 3.7075873
1901 3.7020017
1902 3.7003992
1903 3.7027975
1904 3.7091706
1905 3.7194492
1906 3.7335216
1907 3.7512358
1908 3.7724021
1909 3.7967957
1910 3.8241608
1911 3.8542149
1912 3.8866528
1913 3.9211519
1914 3.9573768
1915 3.9949851
1916 4.0336317
1917 4.0729746
1918 4.1126791
1919 4.1524227
1920 4.1918989
1921 4.2308210
1922 4.2689249
1923 4.3059718
1924 4.3417502
1925 4.3760767
1926 4.4087969
1927 4.4397857
1928 4.4689463
1929 4.4962098
1930 4.5215333
1931 4.5448986
1932 4.5663099
1933 4.5857916
1934 4.6033862
1935 4.6191515
1936 4.6331583
1937 4.6454881
1938 4.6562308
1939 4.6654822
1940 4.6733425
1941 4.6799139
1942 4.6852995
1943 4.6896016
1944 4.6929202
1945 4.6953526
1946 4.6969919
1947 4.6979268
1948 4.6982407
1949 4.6980118
1950 4.6973125
1951 4.6962093
1952 4.6947630
1953 4.6930289
1954 4.6910565
1955 4.6888900
1956 4.6865685
1957 4.6841266
1958 4.6815941
1959 4.6789968
1960 4.6763569
1961 4.6736930
1962 4.6710209
1963 4.6683535
1964 4.6657014
1965 4.6630733
1966 4.6604760
1967 4.6579151
1968 4.6553948
1969 4.6529184
1970 4.6504887
1971 4.6481077
1972 4.6457772
1973 4.6434986
1974 4.6412732
1975 4.6391023
1976 4.6369871
1977 4.6349288
1978 4.6329286
1979 4.6309878
1980 4.6291077
1981 4.6272894
1982 4.6255341
1983 4.6238426
1984 4.6222159
1985 4.6206543
1986 4.6191583
1987 4.6177277
1988 4.6163621
1989 4.6150607
1990 4.6138222
1991 4.6126451
1992 4.6115271
1993 4.6104660
1994 4.6094588
1995 4.6085023
1996 4.6075930
1997 4.6067272
1998 4.6059009
1999 4.6051098
2000 4.6043498
2001 4.6036165
2002 4.6029054
2003 4.6022125
2004 4.6015333
2005 4.6008638
2006 4.6002000
2007 4.5995384
2008 4.5988753
2009 4.5982076
2010 4.5975325
2011 4.5968474
2012 4.5961503
2013 4.5954394
2014 4.5947134
2015 4.5939717
2016 4.5932140
2017 4.5924408
2018 4.5916529
2019 4.5908522
2020 4.5900409
2021 4.5892220
2022 4.5883992
2023 4.5875771
2024 4.5867606
2025 4.5859556
2026 4.5851684
2027 4.5844057
2028 4.5836747
2029 4.5829829
2030 4.5823377
2031 4.5817466
2032 4.5812167
2033 4.5807547
2034 4.5803665
2035 4.5800570
2036 4.5798301
2037 4.5796883
2038 4.5796325
2039 4.5796617
2040 4.5797732
2041 4.5799622
2042 4.5802219
2043 4.5805431
2044 4.5809149
2045 4.5813240
2046 4.5817553
2047 4.5821923
2048 4.5826165
2049 4.5830087
2050 4.5833485
2051 4.5836153
2052 4.5837883
2053 4.5838471
2054 4.5837722
2055 4.5835455
2056 4.5831505
2057 4.5825732
2058 4.5818020
2059 4.5808286
2060 4.5796479
2061 4.5782586
2062 4.5766633
2063 4.5748685
2064 4.5728849
2065 4.5707275
2066 4.5684149
2067 4.5659697
2068 4.5634181
2069 4.5607891
2070 4.5581147
2071 4.5554290
2072 4.5527678
2073 4.5501679
2074 4.5476663
2075 4.5453001
2076 4.5431050
2077 4.5411154
2078 4.5393634
2079 4.5378783
2080 4.5366859
2081 4.5358084
2082 4.5352635
2083 4.5350646
2084 4.5352203
2085 4.5357342
2086 4.5366051
2087 4.5378272
2088 4.5393898
2089 4.5412780
2090 4.5434730
2091 4.5459523
2092 4.5486903
2093 4.5516591
2094 4.5548287
2095 4.5581675
2096 4.5616437
2097 4.5652247
2098 4.5688787
2099 4.5725747
2100 4.5762832
2101 4.5799764
2102 4.5836287
2103 4.5872173
2104 4.5907217
2105 4.5941247
2106 4.5974118
2107 4.6005715
2108 4.6035951
2109 4.6064765
2110 4.6092124
2111 4.6118013
2112 4.6142438
2113 4.6165419
2114 4.6186988
2115 4.6207182
2116 4.6226043
2117 4.6243609
2118 4.6259913
2119 4.6274979
2120 4.6288815
2121 4.6301415
2122 4.6312750
2123 4.6322769
2124 4.6331399
2125 4.6338538
2126 4.6344059
2127 4.6347810
2128 4.6349612
2129 4.6349262
2130 4.6346537
2131 4.6341196
2132 4.6332981
2133 4.6321627
2134 4.6306863
2135 4.6288421
2136 4.6266038
2137 4.6239468
2138 4.6208485
2139 4.6172894
2140 4.6132534
2141 4.6087289
2142 4.6037094
2143 4.5981938
2144 4.5921877
2145 4.5857032
2146 4.5787596
2147 4.5713838
2148 4.5636103
2149 4.5554812
2150 4.5470461
2151 4.5383618
2152 4.5294921
2153 4.5205065
2154 4.5114803
2155 4.5024929
2156 4.4936274
2157 4.4849688
2158 4.4766034
2159 4.4686170
2160 4.4610936
2161 4.4541143
2162 4.4477555
2163 4.4420880
2164 4.4371757
2165 4.4330742
2166 4.4298301
2167 4.4274800
2168 4.4260502
2169 4.4255556
2170 4.4260002
2171 4.4273764
2172 4.4296656
2173 4.4328384
2174 4.4368551
2175 4.4416666
2176 4.4472153
2177 4.4534358
2178 4.4602564
2179 4.4676005
2180 4.4753873
2181 4.4835335
2182 4.4919548
2183 4.5005667
2184 4.5092862
2185 4.5180326
2186 4.5267288
2187 4.5353024
2188 4.5436859
2189 4.5518182
2190 4.5596444
2191 4.5671166
2192 4.5741943
2193 4.5808440
2194 4.5870395
2195 4.5927617
2196 4.5979982
2197 4.6027430
2198 4.6069963
2199 4.6107632
2200 4.6140540
2201 4.6168830
2202 4.6192680
2203 4.6212297
2204 4.6227906
2205 4.6239753
2206 4.6248086
2207 4.6253162
2208 4.6255230
2209 4.6254537
2210 4.6251314
2211 4.6245781
2212 4.6238138
2213 4.6228568
2214 4.6217231
2215 4.6204269
2216 4.6189800
2217 4.6173924
2218 4.6156723
2219 4.6138262
2220 4.6118593
2221 4.6097757
2222 4.6075789
2223 4.6052717
2224 4.6028574
2225 4.6003392
2226 4.5977213
2227 4.5950089
2228 4.5922085
2229 4.5893283
2230 4.5863782
2231 4.5833703
2232 4.5803186
2233 4.5772394
2234 4.5741509
2235 4.5710734
2236 4.5680287
2237 4.5650405
2238 4.5621332
2239 4.5593322
2240 4.5566633
2241 4.5541519
2242 4.5518230
2243 4.5497003
2244 4.5478057
2245 4.5461592
2246 4.5447779
2247 4.5436759
2248 4.5428637
2249 4.5423484
2250 4.5421327
2251 4.5422154
2252 4.5425911
2253 4.5432504
2254 4.5441796
2255 4.5453618
2256 4.5467763
2257 4.5483997
2258 4.5502059
2259 4.5521669
2260 4.5542535
2261 4.5564356
2262 4.5586829
2263 4.5609657
2264 4.5632552
2265 4.5655244
2266 4.5677482
2267 4.5699043
2268 4.5719729
2269 4.5739379
2270 4.5757861
2271 4.5775082
2272 4.5790980
2273 4.5805530
2274 4.5818739
2275 4.5830645
2276 4.5841312
2277 4.5850830
2278 4.5859308
2279 4.5866873
2280 4.5873661
2281 4.5879819
2282 4.5885494
2283 4.5890836
2284 4.5895986
2285 4.5901082
2286 4.5906248
2287 4.5911596
2288 4.5917224
2289 4.5923212
2290 4.5929623
2291 4.5936505
2292 4.5943886
2293 4.5951779
2294 4.5960183
2295 4.5969081
2296 4.5978446
2297 4.5988240
2298 4.5998417
2299 4.6008925
2300 4.6019711
2301 4.6030717
2302 4.6041886
2303 4.6053166
2304 4.6064507
2305 4.6075862
2306 4.6087194
2307 4.6098471
2308 4.6109670
2309 4.6120775
2310 4.6131778
2311 4.6142679
2312 4.6153487
2313 4.6164218
2314 4.6174892
2315 4.6185539
2316 4.6196189
2317 4.6206881
2318 4.6217654
2319 4.6228551
2320 4.6239615
2321 4.6250892
2322 4.6262427
2323 4.6274263
2324 4.6286442
2325 4.6299006
2326 4.6311992
2327 4.6325435
2328 4.6339368
2329 4.6353817
2330 4.6368807
2331 4.6384354
2332 4.6400472
2333 4.6417167
2334 4.6434439
2335 4.6452280
2336 4.6470673
2337 4.6489590
2338 4.6508993
2339 4.6528830
2340 4.6549034
2341 4.6569522
2342 4.6590190
2343 4.6610915
2344 4.6631547
2345 4.6651912
2346 4.6671802
2347 4.6690982
2348 4.6709176
2349 4.6726074
2350 4.6741323
2351 4.6754527
2352 4.6765247
2353 4.6772996
2354 4.6777239
2355 4.6777396
2356 4.6772840
2357 4.6762899
2358 4.6746861
2359 4.6723974
2360 4.6693458
2361 4.6654506
2362 4.6606297
2363 4.6548002
2364 4.6478801
2365 4.6397893
2366 4.6304508
2367 4.6197931
2368 4.6077512
2369 4.5942687
2370 4.5792998
2371 4.5628108
2372 4.5447826
2373 4.5252118
2374 4.5041130
2375 4.4815200
2376 4.4574873
2377 4.4320909
2378 4.4054294
2379 4.3776241
2380 4.3488187
2381 4.3191797
2382 4.2888943
2383 4.2581699
2384 4.2272318
2385 4.1963208
2386 4.1656908
2387 4.1356053
2388 4.1063341
2389 4.0781495
2390 4.0513223
2391 4.0261181
2392 4.0027927
2393 3.9815883
2394 3.9627296
2395 3.9464202
2396 3.9328388
2397 3.9221368
2398 3.9144352
2399 3.9098227
2400 3.9083541
